2004ef 2453255.66             17.868 .005 17.803 .005 18.016 .009 17.981 .006 17.885 .006
2004ef 2453256.63 18.429 .014 17.652 .005 17.586 .007 17.762 .009 17.754 .007 17.661 .010
2004ef 2453257.64 18.210 .011 17.458 .005 17.400 .005 17.585 .006 17.558 .007 17.482 .007
2004ef 2453258.61 18.069 .013 17.310 .004 17.249 .005 17.441 .008 17.419 .009 17.341 .005
2004ef 2453259.61 17.980 .013 17.183 .004 17.122 .005 17.360 .007 17.279 .005 17.212 .005
2004ef 2453260.62 17.897 .008 17.083 .004 17.021 .004 17.330 .007 17.189 .004 17.114 .004
2004ef 2453261.58 17.847 .012 17.010 .005 16.956 .007 17.315 .009 17.117 .006 17.035 .006
2004ef 2453262.56 17.875 .022 16.973 .004 16.901 .004 17.330 .009 17.086 .005 16.994 .004
2004ef 2453263.58 17.868 .013 16.937 .007 16.864 .009 17.346 .011 17.064 .007 16.954 .007
2004ef 2453264.59 17.903 .012 16.927 .005 16.826 .007 17.376 .009 17.058 .005 16.925 .007
2004ef 2453265.64 17.976 .012 16.937 .004 16.807 .005 17.368 .008 17.090 .005 16.912 .006
2004ef 2453266.61 18.045 .013 16.960 .004 16.805 .004 17.373 .007 17.111 .004 16.919 .004
2004ef 2453267.60 18.172 .016 17.005 .006 16.826 .007 17.372 .011 17.154 .006 16.933 .007
2004ef 2453268.62 18.286 .013 17.039 .006 16.840 .008 17.428 .011 17.222 .005 16.957 .004
2004ef 2453269.59                                                 17.322 .009            
2004ef 2453270.58                                                 17.384 .004 17.017 .004
2004ef 2453271.58 18.698 .027 17.238 .006 17.027 .005 17.689 .010 17.480 .007 17.066 .006
2004ef 2453272.63 18.698 .029 17.330 .007 17.108 .006 17.838 .012 17.587 .008 17.127 .007
2004ef 2453273.67 18.896 .040 17.425 .008 17.183 .008 17.909 .013 17.713 .010 17.192 .008
2004ef 2453274.62 19.091 .050 17.506 .010 17.241 .009 17.976 .016 17.822 .013 17.274 .008
2004ef 2453275.66 19.119 .081 17.631 .014 17.327 .011 18.017 .019 17.933 .016 17.329 .012
2004ef 2453276.61 19.351 .104 17.724 .016 17.357 .011 18.043 .020 18.099 .017 17.411 .014
2004ef 2453277.58 19.446 .092 17.830 .015 17.367 .017 18.035 .027 18.194 .018 17.475 .012
2004ef 2453278.59 19.624 .063 17.952 .013 17.426 .010 18.001 .016 18.324 .016 17.556 .011
2004ef 2453279.60 19.718 .057 18.074 .009 17.450 .009 17.965 .015 18.497 .016 17.617 .009
2004ef 2453280.59 20.007 .052 18.195 .008 17.459 .007 17.939 .012 18.617 .016 17.695 .009
2004ef 2453281.59 20.070 .036 18.311 .007 17.482 .008 17.901 .011 18.750 .011 17.778 .008
2004ef 2453282.57 20.236 .044 18.415 .009 17.499 .008 17.887 .011                        
2004ef 2453287.59 20.714 .066 18.929 .010 17.695 .005 17.801 .008 19.353 .013 18.167 .008
2004ef 2453289.60 20.816 .051 19.124 .007 17.837 .006 17.859 .008 19.564 .014 18.361 .009
2004ef 2453290.59 20.951 .088 19.230 .010 17.947 .006 17.946 .008 19.633 .022 18.437 .010
2004ef 2453291.57 20.941 .060 19.286 .011 18.029 .007 18.053 .010 19.710 .018 18.530 .010
2004ef 2453292.58 20.981 .087 19.341 .012 18.108 .006 18.133 .010 19.812 .020 18.621 .011
2004ef 2453294.58 21.139 .084 19.494 .010 18.262 .009 18.325 .011 19.904 .019 18.757 .010
2004ef 2453295.60 21.122 .065 19.549 .011 18.325 .008 18.403 .011 19.941 .018 18.842 .010
2004ef 2453298.56 21.355 .104 19.673 .013                                                
2004ef 2453300.57 21.200 .185 19.789 .022 18.540 .010 18.703 .013 20.123 .036 19.029 .016
2004ef 2453301.56             19.795 .029 18.593 .012 18.747 .016 20.119 .071 19.095 .025
2004ef 2453302.58 21.465 .423 19.784 .034 18.604 .013 18.845 .015 20.231 .080 19.082 .027
2004ef 2453303.57             19.812 .045 18.635 .017 18.839 .022 20.096 .097 19.175 .035
2004ef 2453305.59             19.794 .046 18.737 .019 18.911 .023             19.167 .027
2004ef 2453307.62             19.962 .067 18.823 .019 19.092 .035                        
2004ef 2453308.58 21.392 .366 19.922 .039 18.838 .016 19.110 .025             19.262 .028
2004ef 2453309.57             19.933 .018 18.866 .012 19.194 .020             19.238 .026
2004ef 2453310.57 21.576 .142 19.942 .013 18.883 .010 19.185 .020 20.328 .044 19.322 .017
2004ef 2453311.58 21.543 .171 19.954 .015 18.921 .010 19.214 .017             19.349 .014
2004ef 2453312.55 21.623 .170 19.982 .014 18.968 .012 19.212 .028                        
2004ef 2453321.56 21.819 .166 20.125 .017 19.271 .011 19.603 .025 20.451 .031 19.603 .020
2004ef 2453329.55             20.287 .047 19.535 .022 19.869 .037 20.622 .090 19.744 .036
2004eo 2453266.50 18.515 .017 17.405 .016 17.198 .016 17.364 .016 17.574 .017 17.298 .016
2004eo 2453267.49 17.889 .019 16.990 .016 16.826 .016 16.979 .016 17.117 .017 16.917 .016
2004eo 2453268.49 17.381 .017 16.630 .016 16.517 .016 16.651 .016 16.736 .017 16.613 .016
2004eo 2453269.54                                                 16.456 .017 16.331 .017
2004eo 2453270.54                                                 16.203 .012 16.115 .016
2004eo 2453271.52 16.499 .019 15.904 .016 15.844 .016 16.015 .017 16.018 .017 15.940 .016
2004eo 2453272.52 16.339 .019 15.758 .017 15.707 .016 15.895 .016 15.857 .017 15.784 .016
2004eo 2453273.51 16.207 .019 15.637 .017 15.592 .016 15.796 .016 15.742 .017 15.670 .017
2004eo 2453274.49 16.126 .020 15.551 .016 15.509 .016 15.751 .017 15.657 .017 15.578 .016
2004eo 2453275.49 16.117 .025 15.498 .018 15.448 .017 15.720 .017 15.583 .017 15.505 .017
2004eo 2453276.56 16.086 .021             15.391 .016 15.719 .016 15.538 .019 15.452 .017
2004eo 2453277.48 16.077 .019 15.392 .016 15.372 .016 15.752 .016 15.501 .017 15.404 .016
2004eo 2453278.49 16.093 .017 15.352 .017 15.344 .016 15.788 .016 15.489 .017 15.375 .016
2004eo 2453279.50 16.124 .017 15.341 .016 15.323 .016 15.818 .016 15.491 .017 15.366 .016
2004eo 2453280.49 16.212 .017 15.385 .016 15.316 .016 15.841 .017 15.517 .017 15.362 .016
2004eo 2453281.49 16.307 .017 15.406 .016 15.319 .016 15.854 .017 15.557 .017 15.367 .016
2004eo 2453282.49 16.418 .017 15.406 .016 15.321 .016 15.879 .016                        
2004eo 2453285.55                                                             15.471 .019
2004eo 2453287.55 17.102 .017 15.773 .016 15.552 .016 16.122 .016 16.075 .017 15.566 .017
2004eo 2453288.54 17.281 .017 15.855 .016 15.613 .016 16.179 .017 16.190 .017 15.632 .017
2004eo 2453289.56 17.438 .017 15.969 .016 15.684 .016 16.216 .017 16.314 .017 15.695 .016
2004eo 2453290.55 17.615 .018 16.065 .016 15.735 .016 16.244 .016 16.447 .017 15.773 .016
2004eo 2453291.53 17.767 .017 16.178 .016 15.783 .016 16.245 .017 16.583 .017 15.853 .016
2004eo 2453292.54 17.960 .017 16.291 .016 15.823 .016 16.233 .016 16.716 .017 15.931 .016
2004eo 2453294.49 18.285 .018 16.532 .016 15.891 .017 16.200 .017 16.983 .017 16.073 .017
2004eo 2453295.48 18.395 .018 16.638 .017 15.923 .016 16.195 .016 17.104 .017 16.155 .016
2004eo 2453298.51 18.772 .022 16.955 .016 16.017 .016 16.182 .016 17.456 .017 16.356 .016
2004eo 2453300.49 18.998 .055 17.142 .017 16.096 .017 16.196 .017 17.642 .017 16.492 .016
2004eo 2453301.49 19.016 .038 17.233 .017 16.141 .016 16.218 .017 17.710 .017 16.554 .017
2004eo 2453302.49 19.074 .045 17.343 .017 16.187 .016 16.238 .017 17.802 .017 16.616 .016
2004eo 2453303.50 19.134 .042 17.401 .017 16.253 .016 16.248 .016 17.919 .017 16.683 .016
2004eo 2453304.50             17.490 .017 16.307 .017 16.248 .017 17.952 .036 16.835 .034
2004eo 2453305.49 19.344 .047 17.573 .017 16.375 .016 16.327 .016 18.000 .028 16.829 .017
2004eo 2453307.53 19.397 .075 17.668 .017 16.533 .016 16.448 .017 18.166 .033 16.985 .017
2004eo 2453308.50 19.460 .028 17.773 .016 16.613 .016 16.533 .017 18.215 .017 17.059 .016
2004eo 2453309.49 19.531 .028 17.828 .017 16.689 .016 16.624 .017 18.281 .017 17.125 .016
2004eo 2453310.50 19.600 .031 17.874 .016 16.758 .016 16.703 .017 18.332 .017 17.196 .016
2004eo 2453311.50 19.632 .028 17.917 .017 16.827 .016 16.777 .017 18.372 .017 17.250 .016
2004eo 2453312.50 19.660 .028 17.979 .016 16.886 .016 16.852 .017                        
2004eo 2453321.53 20.056 .084 18.248 .016 17.273 .016 17.299 .016                        
2004eo 2453329.52             18.333 .019 17.529 .016 17.612 .016 18.879 .035 17.856 .016
2004eo 2453341.52             18.601 .027 17.916 .016 18.049 .027 19.001 .038 18.104 .025
2004ey 2453295.52 16.518 .009 15.922 .006 15.953 .006 16.185 .006 15.974 .006 16.005 .007
2004ey 2453298.67             15.474 .006 15.506 .006 15.784 .006 15.532 .005 15.539 .007
2004ey 2453299.51 15.834 .009 15.381 .006 15.460 .009 15.746 .008 15.435 .006 15.459 .008
2004ey 2453300.54 15.770 .010 15.306 .006 15.370 .009 15.702 .009 15.362 .004 15.379 .007
2004ey 2453301.53 15.731 .011 15.251 .005 15.303 .006 15.706 .006 15.308 .005 15.317 .006
2004ey 2453302.54 15.707 .011 15.207 .005 15.260 .006 15.724 .006 15.268 .005 15.262 .007
2004ey 2453303.54 15.702 .010 15.180 .006 15.239 .008 15.753 .009 15.242 .006 15.235 .008
2004ey 2453304.55 15.730 .011 15.176 .005 15.196 .008 15.760 .012 15.242 .006 15.217 .007
2004ey 2453305.54 15.778 .011 15.179 .006 15.193 .007 15.796 .010 15.256 .006 15.211 .008
2004ey 2453307.57 15.949 .011 15.230 .005 15.207 .005 15.872 .006 15.323 .006 15.240 .006
2004ey 2453308.54 16.016 .010 15.254 .005 15.228 .006 15.889 .007 15.355 .004 15.253 .006
2004ey 2453309.54 16.100 .009 15.281 .006 15.251 .008 15.933 .007 15.410 .006 15.282 .007
2004ey 2453310.54 16.189 .009 15.324 .006 15.298 .006 15.978 .007 15.449 .004 15.306 .006
2004ey 2453311.54 16.281 .009 15.372 .006 15.346 .006 16.042 .007 15.509 .005 15.340 .006
2004ey 2453312.53 16.382 .010 15.428 .006 15.418 .009 16.105 .010                        
2004ey 2453314.55 16.601 .009 15.547 .004 15.549 .006 16.301 .007 15.729 .004 15.486 .005
2004ey 2453315.55 16.710 .010 15.614 .006 15.625 .006 16.386 .008 15.818 .006 15.546 .008
2004ey 2453320.53 17.391 .011 16.038 .004 15.911 .006 16.581 .008                         
2004ey 2453328.53 18.380 .022 16.763 .007 16.035 .006 16.406 .010 17.202 .009 16.277 .009
2004ey 2453330.57 18.639 .040 16.969 .009 16.095 .006 16.357 .007 17.412 .013 16.415 .010
2004ey 2453331.52 18.705 .031 17.056 .009 16.120 .006 16.331 .007 17.494 .011 16.477 .009
2004ey 2453335.52                         16.295 .005 16.357 .006 17.788 .010 16.723 .010
2004ey 2453337.52 19.163 .032 17.506 .016 16.408 .007 16.432 .008 17.916 .014 16.821 .010
2004ey 2453338.54                         16.464 .008 16.476 .008 17.995 .010 16.888 .007
2004ey 2453339.54                         16.533 .007 16.576 .008 18.058 .011 16.965 .009
2004ey 2453340.54 19.221 .024 17.702 .009 16.605 .008 16.655 .009 18.086 .011 17.010 .010
2004ey 2453342.52                         16.729 .007 16.810 .009 18.222 .020 17.095 .027
2004ey 2453344.52 19.417 .031 17.840 .014 16.835 .009 16.908 .010 18.255 .012 17.197 .011
2004ey 2453346.53                         16.932 .008 17.034 .010 18.297 .012 17.289 .011
2004ey 2453348.53 19.483 .035 17.962 .012 17.009 .010 17.141 .011 18.374 .014 17.347 .012
2004ey 2453351.53                         17.111 .009 17.272 .015 18.390 .021 17.440 .011
2004ey 2453352.53 19.552 .058 18.071 .013 17.154 .009 17.320 .014 18.454 .022 17.450 .018
2005el 2453639.86 16.156 .006 15.771 .009 15.790 .007 15.965 .006 15.869 .006 15.822 .006
2005el 2453641.86 15.837 .006 15.454 .004 15.496 .004 15.718 .004 15.573 .006 15.518 .004
2005el 2453644.85 15.677 .007 15.198 .009 15.287 .007 15.678 .008 15.322 .006 15.277 .006
2005el 2453650.90                                     15.903 .005                        
2005el 2453655.82 16.579 .008 15.575 .005 15.660 .007 16.426 .009 15.779 .006 15.533 .006
2005el 2453659.78 17.159 .014 15.943 .004 15.954 .005 16.645 .006 16.256 .007 15.836 .005
2005el 2453663.80 17.863 .021 16.368 .006 16.043 .005 16.520 .007 16.781 .007 16.098 .005
2005el 2453665.82 18.185 .018 16.602 .006 16.061 .006 16.438 .008 17.043 .009 16.224 .006
2005el 2453666.78 18.298 .017 16.718 .006 16.084 .006 16.393 .008 17.148 .009 16.283 .006
2005el 2453669.81 18.639 .018 17.074 .004 16.196 .005 16.327 .005 17.521 .009 16.528 .004
2005el 2453671.82 18.814 .018 17.272 .006 16.324 .006 16.378 .007 17.718 .009 16.682 .005
2005el 2453673.81 18.955 .021 17.438 .007 16.486 .008 16.509 .010 17.865 .009 16.830 .008
2005el 2453675.83 19.025 .028 17.570 .009 16.636 .010 16.679 .012 17.985 .012 17.001 .010
2005el 2453682.81 19.310 .049 17.880 .016 17.071 .013 17.165 .012 18.307 .020 17.344 .017
2005el 2453683.80 19.333 .034 17.919 .009 17.110 .007 17.207 .009 18.355 .011 17.396 .008
2005el 2453687.77 19.459 .050 18.031 .012 17.297 .011 17.402 .012 18.451 .024 17.526 .013
2005el 2453689.80 19.393 .078 18.084 .016 17.341 .013 17.499 .014 18.486 .032 17.578 .016
2005el 2453690.82 19.547 .136 18.104 .028 17.392 .013 17.570 .015 18.569 .042 17.612 .017
2005el 2453694.81 19.648 .057 18.193 .014 17.547 .013 17.744 .016 18.611 .027 17.744 .016
2005el 2453698.76 19.709 .038 18.266 .011 17.677 .009 17.899 .014 18.681 .022 17.857 .010
2005el 2453699.75 19.737 .037 18.289 .010 17.716 .011 17.940 .014 18.696 .018 17.869 .011
2005el 2453702.75 19.746 .034 18.339 .010 17.834 .011 18.069 .013 18.798 .018 17.957 .011
2005el 2453712.73 20.104 .041 18.555 .011 18.188 .012 18.487 .015 18.921 .020 18.250 .013
2005el 2453721.70 20.159 .128 18.653 .022 18.490 .022 18.843 .031 19.086 .056 18.475 .030
2005el 2453730.74 20.381 .076 18.870 .016 18.812 .017 19.154 .029 19.213 .025 18.755 .019
2005kc 2453687.51 17.986 .028 17.092 .009 16.792 .010 16.801 .012 17.266 .016 17.012 .012
2005kc 2453689.56 17.337 .023 16.588 .010 16.293 .009 16.339 .010 16.732 .013 16.502 .010
2005kc 2453690.53             16.414 .006 16.130 .007 16.193 .008 16.567 .012 16.346 .008
2005kc 2453694.57 16.753 .016 15.990 .008 15.723 .008 15.888 .008 16.146 .009 15.892 .007
2005kc 2453695.58 16.758 .017 15.940 .008 15.667 .007 15.888 .009 16.087 .009 15.853 .009
2005kc 2453698.55 16.785 .016 15.868 .005 15.612 .005 15.985 .006 16.039 .008 15.767 .006
2005kc 2453699.53 16.855 .016 15.883 .008 15.598 .007 16.000 .009 16.059 .010 15.754 .007
2005kc 2453702.54 17.131 .018 15.969 .005 15.631 .005 16.096 .007 16.190 .009 15.806 .006
2005kc 2453706.55             16.188 .008 15.823 .008 16.318 .010 16.497 .010 15.938 .006
2005kc 2453712.52 18.427 .034 16.722 .009 16.192 .009 16.618 .011 17.177 .013 16.337 .010
2005kc 2453716.53 19.177 .092 17.158 .010 16.309 .006 16.546 .010 17.691 .020 16.624 .010
2005kc 2453720.54 19.632 .140 17.548 .013 16.382 .007 16.473 .009 18.138 .036 16.848 .011
2005kc 2453728.53             18.223 .016             16.644 .011 18.744 .035 17.353 .014
2005ki 2453695.85 17.125 .037 16.861 .009 16.953 .009 17.097 .013 16.973 .012 16.953 .009
2005ki 2453702.82 16.062 .012 15.661 .006 15.787 .006 16.170 .007 15.727 .007 15.760 .006
2005ki 2453703.85 16.061 .013 15.624 .006 15.749 .006 16.209 .009 15.697 .008 15.718 .006
2005ki 2453706.84 16.211 .013 15.588 .005 15.683 .006 16.306 .007                        
2005ki 2453707.84 16.285 .012 15.625 .006 15.683 .006 16.320 .009 15.728 .007 15.682 .006
2005ki 2453712.83 16.777 .013 15.867 .005 15.955 .005 16.718 .008 16.030 .007 15.865 .006
2005ki 2453713.85 16.913 .016 15.954 .006 16.055 .005 16.846 .008                        
2005ki 2453716.85 17.351 .030 16.234 .006 16.309 .006 17.038 .012 16.456 .008 16.165 .007
2005ki 2453720.82 18.040 .032 16.646 .009 16.441 .009 17.033 .012 16.998 .012 16.433 .010
2005ki 2453721.83 18.173 .031 16.759 .008 16.433 .008 16.977 .011 17.154 .013 16.486 .009
2005ki 2453728.84 19.039 .042 17.616 .009 16.654 .008 16.783 .009 17.979 .016 17.008 .009
2005ki 2453730.84 19.280 .053 17.798 .012 16.804 .009 16.861 .014 18.202 .011 17.180 .013
2005ki 2453736.81 19.688 .055 18.190 .011 17.267 .009 17.368 .012 18.574 .011 17.615 .024
2005ki 2453738.85             18.280 .012 17.377 .009 17.519 .010 18.640 .014 17.710 .011
2005ki 2453740.85 19.819 .075 18.339 .012 17.466 .009 17.649 .010 18.704 .015 17.788 .012
2005ki 2453741.81 19.916 .083 18.378 .011 17.521 .009 17.681 .010 18.718 .014 17.833 .012
2005ki 2453745.76 19.930 .083 18.461 .014 17.694 .010 17.868 .014 18.863 .015 17.968 .012
2005ki 2453748.76 19.958 .113 18.554 .022 17.758 .012 18.038 .015 18.931 .031 18.036 .015
2005ki 2453751.79 19.902 .118 18.611 .030 17.902 .014 18.130 .019 18.928 .044 18.172 .024
2005ki 2453752.78 19.863 .111 18.693 .035 17.926 .018 18.225 .033 19.034 .053 18.118 .025
2005ki 2453754.74             18.647 .020 18.028 .015 18.278 .019                        
2005ki 2453761.76 20.384 .065 18.801 .012 18.252 .010 18.575 .016 19.141 .016 18.434 .014
2005ki 2453762.77 20.377 .059 18.816 .013 18.308 .012 18.621 .018 19.205 .017 18.445 .012
2005ki 2453763.77 20.135 .108 18.824 .014 18.326 .012 18.601 .030 19.184 .025 18.467 .019
2005ki 2453764.78 20.351 .063 18.856 .013 18.362 .013 18.693 .017 19.221 .018 18.475 .014
2005ki 2453765.76 20.374 .066 18.862 .012 18.407 .011 18.708 .017 19.207 .018 18.520 .015
2005ki 2453771.74 20.462 .077 18.967 .012 18.629 .011 18.964 .020 19.303 .017 18.677 .015
2005ki 2453772.83 20.425 .074 18.987 .013 18.655 .012 18.995 .020 19.342 .020 18.713 .016
2005ki 2453774.73 20.747 .104 19.012 .015 18.717 .014 19.083 .023 19.354 .018 18.780 .016
2005ki 2453775.60 20.618 .111 19.040 .019 18.724 .017 19.142 .029 19.330 .026 18.776 .019
2005ki 2453778.74 20.713 .239 19.043 .034 18.859 .031 19.122 .039 19.402 .049 18.808 .034
2005ki 2453783.68 20.799 .180 19.178 .032 18.986 .023 19.354 .041 19.514 .046 18.982 .031
2005ki 2453784.74 20.819 .173 19.161 .020 19.031 .020 19.442 .033 19.471 .038 18.983 .020
2005ki 2453790.70             19.288 .013 19.276 .016 19.663 .030                        
2005ki 2453795.72             19.361 .015 19.450 .020 19.730 .038 19.721 .023 19.275 .019
2005ki 2453798.73             19.414 .014 19.540 .019 19.911 .033 19.786 .025 19.356 .024
2005ki 2453804.73             19.496 .026 19.802 .042 20.121 .062 19.798 .046 19.553 .034
2005ki 2453805.66             19.543 .046 19.804 .046 19.986 .058 19.766 .051 19.514 .045
2005ki 2453818.65             19.793 .022 20.173 .029 20.397 .064 20.142 .033 19.813 .026
2005ki 2453819.68             19.824 .018 20.214 .031 20.425 .043 20.172 .029 19.846 .026
2005ki 2453823.63             19.860 .019 20.294 .035 20.485 .066 20.257 .031 19.884 .031
2005ki 2453831.61             20.011 .032 20.530 .055 20.659 .081 20.299 .053 20.034 .043
2005ki 2453838.63             19.963 .094 20.936 .205 20.952 .211 20.672 .222 19.979 .118
2005ki 2453840.59             20.038 .059 20.777 .090 20.845 .134 20.578 .128 20.114 .081
2005ki 2453846.62             20.245 .027 20.838 .055 20.932 .108 20.582 .045 20.278 .040
2005ki 2453858.54             20.434 .034 21.187 .077 21.145 .123 20.879 .058 20.520 .057
2005ki 2453861.49             20.432 .072 20.951 .102 21.220 .195 20.937 .133 20.509 .091
2006ax 2453815.63 17.637 .017 16.655 .008 16.800 .010 17.075 .010 16.740 .009 16.752 .010
2006ax 2453816.77                                                 16.362 .008            
2006ax 2453818.68 16.321 .013 15.828 .007 15.986 .008 16.237 .010 15.880 .009 15.967 .008
2006ax 2453819.71 16.072 .014 15.637 .007 15.808 .008 16.068 .010 15.690 .009 15.783 .009
2006ax 2453821.60                                                 15.438 .006            
2006ax 2453823.66 15.612 .013 15.225 .006 15.407 .006 15.779 .008 15.287 .007 15.360 .007
2006ax 2453824.66 15.578 .011 15.162 .005 15.345 .006 15.772 .007 15.213 .006 15.287 .006
2006ax 2453828.51 15.641 .009 15.113 .003 15.259 .002 15.887 .003 15.188 .004 15.205 .002
2006ax 2453831.63 15.886 .014 15.189 .009 15.304 .009 16.001 .009 15.285 .008 15.255 .008
2006ax 2453832.64 16.017 .013 15.232 .004 15.343 .006 16.030 .008 15.335 .006 15.287 .006
2006ax 2453834.72 16.253 .013 15.347 .006 15.439 .006 16.155 .009 15.468 .007 15.365 .006
2006ax 2453835.57 16.331 .014 15.392 .006 15.480 .005 16.222 .006 15.534 .007 15.397 .006
2006ax 2453838.66 16.830 .038 15.602 .007 15.708 .006 16.493 .008 15.809 .011 15.567 .006
2006ax 2453840.62 16.978 .018 15.746 .006 15.841 .005 16.626 .008 15.980 .008 15.688 .007
2006ax 2453841.68 17.128 .013 15.838 .006 15.884 .006 16.675 .008 16.102 .007 15.740 .006
2006ax 2453845.56 17.663 .013 16.201 .006 16.018 .006 16.650 .007 16.530 .008 15.961 .006
2006ax 2453850.61 18.305 .017 16.653 .007 16.071 .006 16.522 .007 17.078 .007 16.251 .005
2006ax 2453858.56 18.906 .022 17.304 .006 16.354 .007 16.474 .008 17.726 .009 16.717 .009
2006ax 2453861.56 19.104 .029 17.481 .008 16.528 .007 16.616 .007 17.862 .012 16.884 .008
2006ax 2453866.55 19.219 .041 17.692 .011 16.831 .008 16.964 .011 18.066 .015 17.135 .009
2006ax 2453867.61 19.325 .052 17.752 .012 16.881 .009 17.012 .010 18.140 .020 17.193 .011
2006ax 2453870.56 19.382 .049 17.811 .010 17.016 .007 17.187 .008 18.191 .013 17.299 .010
2006ax 2453871.53 19.324 .035 17.848 .008 17.046 .007 17.227 .009 18.215 .013 17.327 .011
2006ax 2453872.53             17.859 .010 17.082 .010 17.287 .013 18.247 .013 17.360 .012
2006ax 2453890.55             18.209 .011 17.705 .009 18.009 .012 18.545 .016 17.842 .011
2006ax 2453891.49             18.194 .011 17.727 .011 18.023 .015 18.584 .020 17.862 .013
2006ax 2453892.50             18.221 .006 17.755 .004 18.059 .007 18.607 .011 17.880 .006
2006ax 2453898.51             18.332 .006 17.965 .005 18.268 .009 18.671 .010 18.044 .007
2005M  2453396.78 16.897 .024                                                            
2005M  2453397.70 16.780 .011 16.410 .007 16.501 .011 16.796 .042 16.479 .013 16.496 .011
2005M  2453398.74 16.645 .009 16.279 .005 16.421 .008 16.706 .010 16.362 .009 16.352 .013
2005M  2453399.69 16.554 .009 16.185 .007 16.313 .009 16.616 .009 16.254 .008 16.263 .007
2005M  2453400.69 16.481 .008 16.099 .005 16.254 .004 16.567 .006 16.180 .006 16.181 .006
2005M  2453401.68             16.057 .004 16.178 .004 16.509 .007 16.130 .006 16.131 .006
2005M  2453402.67 16.379 .008 16.001 .005 16.143 .005 16.509 .007 16.088 .008 16.089 .006
2005M  2453403.72 16.358 .008 15.945 .006 16.112 .006 16.516 .005 16.037 .007 16.050 .006
2005M  2453404.71 16.354 .011 15.931 .006 16.075 .006 16.540 .008 16.024 .007 16.028 .007
2005M  2453406.72 16.411 .014 15.906 .008 16.052 .008 16.601 .009 16.013 .009 15.991 .009
2005M  2453407.76 16.436 .014 15.938 .008 16.039 .008 16.622 .010 16.041 .008 16.012 .009
2005M  2453408.72 16.500 .015 15.952 .007 16.032 .008 16.651 .011 16.061 .009 16.020 .009
2005M  2453409.72 16.613 .015 15.975 .008 16.047 .007 16.660 .010 16.094 .008 16.029 .008
2005M  2453410.74 16.680 .017 15.997 .006 16.034 .006 16.682 .010 16.135 .009 16.039 .008
2005M  2453411.72 16.741 .017 16.034 .006 16.060 .008 16.723 .011 16.177 .008 16.060 .008
2005M  2453412.71 16.870 .019 16.081 .006 16.082 .007 16.747 .015 16.242 .008 16.076 .009
2005M  2453413.70 16.967 .020 16.132 .009 16.115 .009 16.777 .012 16.271 .009 16.120 .009
2005M  2453414.67 17.060 .017 16.175 .007 16.146 .007 16.857 .012 16.331 .009 16.151 .009
2005M  2453415.72 17.194 .020 16.213 .008 16.199 .009 16.891 .012 16.409 .009 16.186 .009
2005M  2453416.65 17.294 .021 16.266 .009 16.241 .007 16.971 .012 16.479 .009 16.236 .009
2005M  2453417.70 17.418 .015 16.340 .008 16.300 .008 17.027 .012 16.570 .010 16.273 .009
2005M  2453418.70 17.546 .016 16.406 .008 16.345 .008 17.089 .013 16.651 .009 16.333 .009
2005M  2453419.67 17.671 .019 16.484 .009 16.415 .008 17.151 .011 16.742 .010 16.396 .009
2005M  2453420.74 17.762 .025 16.588 .010 16.464 .009 17.188 .014 16.872 .011 16.444 .010
2005M  2453421.71 17.919 .039 16.677 .015 16.538 .010 17.172 .020 16.994 .015 16.507 .012
2005M  2453422.63 18.014 .082 16.731 .015 16.560 .011 17.222 .029 17.062 .028 16.547 .023
2005M  2453424.67 18.402 .115 16.902 .035 16.567 .029 17.265 .072 17.300 .052 16.626 .034
2005M  2453425.66             16.993 .026 16.620 .017 17.209 .035             16.737 .025
2005M  2453426.67 18.509 .079 17.087 .017 16.647 .012 17.187 .019 17.458 .024 16.807 .016
2005M  2453427.67 18.693 .072 17.158 .015 16.679 .011 17.147 .017 17.513 .022 16.881 .016
2005M  2453428.63 18.786 .059 17.230 .013 16.698 .012 17.163 .016 17.639 .024 16.900 .013
2005M  2453429.64 18.885 .065 17.335 .011 16.722 .009 17.168 .013 17.716 .028 16.928 .015
2005M  2453430.64 19.015 .061 17.404 .014 16.751 .009 17.129 .013 17.800 .021 17.013 .014
2005M  2453431.61 19.141 .119 17.484 .012 16.787 .009 17.121 .015 17.884 .020 17.061 .012
2005M  2453432.64 19.221 .055 17.542 .012 16.800 .010 17.148 .015 17.999 .016 17.121 .013
2005M  2453436.65 19.509 .048 17.852 .010 16.931 .008 17.175 .012 18.276 .014 17.326 .012
2005M  2453438.64 19.551 .049 17.973 .012 16.990 .009 17.167 .012 18.411 .017 17.425 .012
2005M  2453444.66 19.884 .049 18.313 .013 17.330 .009 17.430 .012 18.754 .020 17.762 .013
2005M  2453445.65 19.882 .043 18.382 .012 17.366 .009 17.495 .012 18.772 .019 17.826 .013
2005M  2453446.65             18.425 .015 17.453 .010 17.558 .013 18.825 .022 17.884 .013
2005M  2453453.57 20.298 .202 18.605 .043 17.782 .021 17.985 .029 19.078 .063 18.152 .028
2005M  2453454.59 20.264 .190 18.676 .032 17.780 .017 17.984 .019 19.064 .052 18.175 .027
2005M  2453455.61 20.049 .196 18.660 .035 17.801 .016 18.063 .021 19.102 .055 18.177 .029
2005M  2453456.58 20.183 .156 18.765 .032 17.855 .014 18.070 .020 19.156 .045 18.223 .025
2005M  2453457.58 20.053 .116 18.769 .028 17.879 .012 18.105 .017 19.211 .036 18.300 .022
2005M  2453458.56             18.800 .019 17.919 .012 18.160 .017 19.154 .030 18.273 .020
2005M  2453459.56             18.812 .016 17.953 .012 18.197 .016 19.183 .025 18.321 .016
2005M  2453460.55             18.820 .013 17.990 .012 18.231 .016 19.217 .016 18.331 .015
2005M  2453464.54             18.874 .013 18.102 .011 18.373 .018 19.277 .019 18.434 .015
2005M  2453465.60             18.920 .012 18.122 .011 18.430 .016 19.275 .019 18.461 .014
2005M  2453466.59             18.923 .013 18.157 .011 18.465 .020 19.336 .021 18.480 .017
2005M  2453472.54             19.016 .010 18.320 .009 18.695 .023 19.392 .017 18.610 .014
2005M  2453474.52             19.038 .012 18.384 .010 18.715 .019 19.468 .022 18.633 .016
2005M  2453476.51             19.081 .017 18.438 .016 18.770 .021 19.398 .030 18.693 .021
2005M  2453478.54             19.096 .027 18.511 .017 18.824 .027 19.472 .035 18.690 .027
2005M  2453479.54             19.126 .048 18.550 .035 18.776 .053 19.477 .052 18.766 .045
2005M  2453480.50             19.100 .027 18.530 .021 18.919 .037 19.496 .040 18.808 .030
2005am 2453432.56 14.576 .006 13.988 .005 13.988 .008 14.267 .007 14.082 .013 14.033 .007
2005am 2453436.61 14.443 .005 13.769 .002 13.755 .003 14.286 .003 13.851 .003 13.782 .002
2005am 2453438.56 14.551 .009 13.787 .006 13.721 .005 14.332 .008 13.882 .006 13.765 .005
2005am 2453444.63 15.253 .009 14.119 .006 14.052 .007 14.774 .009 14.344 .008 13.975 .006
2005am 2453445.63 15.376 .010 14.199 .006 14.125 .009 14.827 .011 14.465 .008 14.045 .006
2005am 2453446.63 15.531 .010 14.296 .004 14.211 .006 14.885 .007 14.599 .006 14.129 .006
2005am 2453451.55             14.861 .010 14.389 .009 14.752 .019                        
2005am 2453452.56 16.590 .015 14.988 .007 14.391 .008 14.754 .012 15.447 .011 14.541 .009
2005am 2453453.55 16.685 .016 15.101 .008 14.405 .007 14.703 .009 15.581 .009 14.615 .006
2005am 2453454.58 16.844 .020 15.223 .006 14.438 .005 14.693 .008 15.711 .011 14.693 .007
2005am 2453455.65 17.015 .025 15.359 .006 14.474 .006 14.675 .007 15.871 .012 14.768 .006
2005am 2453456.56 17.052 .022 15.476 .006 14.517 .005 14.668 .006 15.958 .010 14.841 .007
2005am 2453457.56 17.203 .020 15.574 .006 14.582 .006             16.057 .010 14.923 .007
2005am 2453458.53 17.307 .023 15.712 .007 14.671 .005 14.728 .006 16.174 .010 15.040 .006
2005am 2453459.66 17.388 .026 15.824 .006 14.784 .006 14.813 .006 16.301 .011 15.158 .006
2005am 2453460.50 17.452 .023 15.912 .008 14.876 .007 14.900 .008 16.386 .012 15.233 .006
2005am 2453461.50 17.550 .022 16.011 .008 14.973 .007             16.440 .012 15.342 .008
2005am 2453464.52 17.715 .025 16.224 .008 15.212 .006 15.262 .008 16.679 .012 15.558 .008
2005am 2453465.52 17.744 .018 16.288 .008 15.280 .006 15.346 .008 16.740 .013 15.631 .007
2005am 2453466.52 17.831 .023 16.337 .008 15.347 .006 15.414 .008 16.783 .013 15.671 .008
2005am 2453467.63 17.873 .016 16.366 .008 15.402 .004 15.469 .006 16.814 .011 15.720 .007
2005am 2453468.52 17.877 .015 16.407 .007 15.446 .007 15.546 .007 16.854 .012 15.769 .007
2005am 2453472.48 18.011 .018 16.507 .008 15.624 .004 15.745 .007 16.960 .013 15.890 .008
2005am 2453473.48 18.023 .017 16.555 .009 15.676 .007 15.800 .007 17.004 .013 15.949 .008
2005am 2453474.49 18.079 .014 16.574 .008 15.699 .006 15.850 .008 17.010 .012 15.991 .008
2005am 2453475.48 18.112 .015 16.623 .009 15.736 .007 15.900 .008 17.030 .014 16.024 .008
2005am 2453476.48 18.108 .014 16.621 .011 15.780 .011 15.952 .014 17.035 .015 16.033 .010
2005am 2453477.47 18.122 .016 16.668 .009 15.831 .009 15.994 .013 17.079 .014 16.085 .010
2005am 2453478.47 18.131 .017 16.674 .011 15.859 .012 16.022 .015 17.109 .017 16.114 .010
2005am 2453479.47 18.147 .050 16.714 .034 15.902 .019 16.089 .028 17.033 .026 16.090 .030
2005am 2453480.47 18.169 .018 16.705 .009 15.940 .009 16.123 .009 17.128 .018 16.187 .011
2005am 2453481.46 18.203 .024 16.705 .010 15.981 .008 16.147 .010 17.147 .015 16.197 .010
2005am 2453482.50 18.075 .044 16.751 .015 16.006 .011 16.205 .016 17.131 .023 16.244 .014
2005am 2453483.50 18.232 .020 16.764 .010 16.036 .009 16.241 .012 17.182 .017 16.261 .011
2005am 2453489.49 18.431 .018 16.867 .009 16.248 .009 16.489 .010 17.295 .015 16.435 .010
2005am 2453490.46 18.455 .016 16.908 .009 16.301 .009 16.531 .010 17.282 .019 16.459 .009
2005am 2453491.46 18.429 .024 16.908 .014 16.343 .015 16.576 .023 17.332 .025 16.496 .014
2005am 2453512.45 18.906 .031 17.244 .014 17.099 .013 17.340 .018 17.529 .020 17.070 .016
2005iq 2453682.54 17.379 .016 17.034 .007 17.194 .008 17.416 .011 17.117 .009 17.175 .009
2005iq 2453683.55 17.288 .014 16.931 .009 17.103 .011 17.337 .013 17.015 .009 17.080 .011
2005iq 2453684.59 17.248 .015 16.857 .009 17.011 .010 17.333 .014 16.935 .010 17.003 .010
2005iq 2453687.54 17.309 .019 16.733 .008 16.907 .012 17.409 .014 16.838 .010 16.875 .008
2005iq 2453689.62 17.434 .020 16.758 .010 16.876 .011 17.492 .017 16.863 .011 16.859 .012
2005iq 2453690.56 17.541 .021 16.793 .009 16.896 .011 17.497 .013 16.903 .009 16.864 .010
2005iq 2453694.60 18.028 .021 16.985 .009 17.061 .010 17.769 .015 17.167 .009 17.011 .009
2005iq 2453695.61 18.095 .020 17.057 .008 17.136 .008 17.874 .015 17.250 .009 17.070 .009
2005iq 2453698.57 18.518 .030 17.304 .006 17.371 .008 18.170 .017 17.562 .009 17.263 .009
2005iq 2453699.60 18.751 .032 17.414 .008 17.437 .008 18.242 .017 17.664 .010 17.330 .009
2005iq 2453702.60 19.163 .042 17.742 .009 17.590 .009 18.313 .013 18.045 .012 17.537 .011
2005iq 2453706.63 19.658 .063 18.193 .010 17.666 .009 18.196 .016 18.583 .017 17.806 .011
2005iq 2453716.60             19.102 .043 18.071 .018 18.145 .021 19.370 .078 18.517 .027
2005iq 2453721.57 20.740 .195 19.452 .031 18.477 .016 18.559 .023 19.713 .058 18.851 .033
2005iq 2453726.59 20.639 .171 19.597 .023 18.684 .014 18.918 .027 19.945 .049 19.105 .028
2005iq 2453730.58 21.112 .208 19.763 .027 18.881 .018 19.150 .030 20.141 .031 19.236 .021
2005iq 2453738.53 21.618 .253 19.858 .076 19.159 .028 19.458 .033 20.328 .047 19.422 .022
2005iq 2453746.54             20.066 .065 19.425 .031 19.720 .054 20.357 .116 19.670 .054
2005iq 2453750.54             20.173 .115 19.520 .064 19.941 .087             19.684 .092
2005iq 2453755.54             20.213 .080 19.706 .046             20.547 .060 19.863 .051
2006bh 2453828.90             14.681 .003 14.745 .004 15.022 .003 14.737 .004 14.768 .002
2006bh 2453829.89 14.937 .007 14.572 .003 14.646 .004 14.951 .004 14.635 .005 14.664 .003
2006bh 2453830.90 14.895 .007 14.479 .004 14.573 .002 14.951 .004 14.548 .004 14.581 .003
2006bh 2453831.90             14.422 .004 14.522 .004 14.985 .004 14.487 .004 14.522 .004
2006bh 2453832.91 14.909 .009 14.412 .004 14.502 .005 15.021 .007 14.454 .004 14.486 .003
2006bh 2453833.91 14.928 .009 14.380 .005 14.469 .005 15.071 .006 14.441 .005 14.465 .003
2006bh 2453835.92 15.093 .012                                     14.504 .006 14.473 .005
2006bh 2453838.87 15.392 .012 14.558 .004 14.574 .004 15.279 .004 14.676 .004 14.546 .004
2006bh 2453841.91 15.767 .009 14.773 .004 14.829 .004 15.615 .007 14.967 .005 14.703 .005
2006bh 2453845.87 16.392 .009 15.161 .003 15.121 .004 15.809 .005 15.464 .005 14.991 .004
2006bh 2453846.87 16.570 .009 15.268 .004 15.155 .004 15.800 .006 15.607 .006 15.056 .005
2006bh 2453850.85             15.722 .004 15.248 .004 15.686 .004 16.144 .007 15.340 .005
2006bh 2453853.91 17.618 .014 16.057 .006 15.322 .006 15.610 .008 16.499 .007 15.545 .006
2006bh 2453858.85 18.116 .035 16.552 .005 15.613 .004 15.690 .004 17.014 .028 15.951 .008
2006bh 2453861.86 18.265 .025 16.796 .005 15.871 .004 15.954 .005 17.225 .009 16.188 .005
2006bh 2453862.84 18.311 .025 16.872 .007 15.959 .005 16.038 .008 17.287 .009 16.276 .007
2006bh 2453866.83 18.455 .039 17.093 .009 16.225 .005 16.344 .008 17.472 .013 16.490 .009
2006bh 2453867.83 18.506 .041 17.109 .010 16.264 .008 16.401 .009 17.516 .015 16.537 .009
2006bh 2453870.84 18.620 .080 17.220 .011 16.396 .006 16.559 .008 17.584 .018 16.642 .009
2006bh 2453871.82             17.234 .009 16.447 .006 16.619 .008 17.616 .016 16.689 .008
2006bh 2453872.81 18.709 .042 17.257 .009 16.482 .009 16.670 .010 17.654 .014 16.724 .009
2006bh 2453886.81 19.058 .017 17.558 .004 17.004 .004 17.299 .005 17.943 .006 17.142 .005
2006bh 2453891.78 19.178 .052 17.642 .007 17.191 .007 17.490 .013 18.000 .014 17.283 .008
2006bh 2453892.79 19.252 .035 17.664 .004 17.222 .004 17.527 .005 18.015 .007 17.309 .005
2006bh 2453893.80 19.287 .030 17.680 .004 17.264 .004 17.575 .006 18.042 .007 17.341 .004
