SN 2006bt  853.74   17.740 017 17.088 008 17.139 008 17.371 008 17.253 010 17.117 010
SN 2006bt  855.78 a 17.642 010 16.990 005 17.021 005 17.266 005 17.163 006 17.002 006
SN 2006bt  858.75   17.709 026 16.940 006 16.941 007 17.256 008 17.145 008 16.940 007
SN 2006bt  861.77   17.952 021 16.995 006 16.937 005 17.272 008 17.232 008 16.947 007
SN 2006bt  862.73   18.073 021 17.037 007 16.947 007 17.291 008 17.290 008 16.965 008
SN 2006bt  866.69   18.543 049 17.251 008 17.040 008 17.390 010 17.537 012 17.098 008
SN 2006bt  867.75   18.569 061 17.321 010 17.075 008 17.412 012 17.632 014 17.130 008
SN 2006bt  870.77   19.089 163 17.550 010 17.207 008 17.530 012 17.911 018 17.308 010
SN 2006bt  871.71   19.224 085 17.666 008 17.244 008 17.545 010 18.028 016 17.375 008
SN 2006bt  872.74   19.262 065 17.764 010 17.299 008 17.561 010 18.119 014 17.450 008
SN 2006bt  886.65 a 20.522 049 18.940 006 17.900 004 17.784 004 19.374 012 18.359 006
SN 2006bt  890.68   20.614 217 19.101 014 18.082 021 18.021 017 19.572 026 18.574 043
SN 2006bt  891.70   20.652 189 19.184 017 18.169 010 18.030 010 19.633 035 18.601 016
SN 2006bt  893.68 a 20.681 143 19.242 012 18.234 005 18.141 006 19.653 029 18.668 010
SN 2006bt  894.64 a 20.661 179 19.270 017            18.189 008 19.702 030 18.710 014
SN 2006bt  897.58 a 20.821 164 19.383 036 18.366 008 18.298 008 19.756 040 18.786 017
SN 2006bt  898.61 a 21.233 211 19.357 014 18.421 007 18.363 008 19.737 032 18.807 012
SN 2006hx 1012.65                                               18.352 043 18.470 073
SN 2006hx 1013.65   18.649 056 18.193 020 18.371 033 18.080 028 18.291 029 18.671 070
SN 2006hx 1028.71   18.964 035 17.789 018 17.579 018 18.016 030 17.864 014 17.904 055
SN 2006hx 1036.68   20.044 067 18.421 017 18.000 017 18.416 043 18.633 018 18.371 070
SN 2006hx 1040.65   20.536 145 18.715 021 18.098 025 18.530 040 19.123 034 18.791 107
SN 2006hx 1049.62              20.247 137 18.517 043 18.646 056 20.349 055 19.174 071
SN 2006hx 1052.69              20.182 055 18.675 033 18.473 029 20.097 058 19.572 117
SN 2006hx 1066.67              20.645 079 19.321 048 19.173 056                      
SN 2006hx 1080.59              21.409 211 19.859 059 19.207 073                      
SN 2007A  1108.53   16.528 012 16.017 010 15.883 008 16.098 007 16.096 012 15.946 007
SN 2007A  1110.53              15.876 010 15.795 008 16.073 014 16.039 010 15.828 010
SN 2007A  1110.53                                                          15.827 007
SN 2007A  1112.52   16.455 014 15.821 008 15.722 006 16.125 008 15.967 008 15.726 008
SN 2007A  1119.53                         15.817 007 16.366 008 16.178 007 15.841 005
SN 2007A  1121.53                         15.901 008 16.500 008 16.309 007 15.904 006
SN 2007A  1123.52   17.366 037 16.221 022 16.060 008 16.678 012                      
SN 2007A  1127.53                                    16.962 014 16.788 017 16.268 012
SN 2007A  1128.53              16.580 018 16.399 010 16.988 016                      
SN 2007A  1131.52                                               17.327 042 16.516 018
SN 2007A  1133.52              16.992 033 16.489 012 16.909 017            16.574 017
SN 2007af 1165.77   14.670 008 13.991 010 13.969 008 14.233 006 14.071 006 14.034 006
SN 2007af 1166.78   14.432 008 13.826 007 13.800 005 14.049 006 13.889 006 13.856 005
SN 2007af 1169.85   14.031 008 13.404 006 13.422 006 13.736 008 13.478 006 13.445 006
SN 2007af 1170.80   13.960 008 13.333 006 13.362 007 13.694 008 13.407 007 13.367 008
SN 2007af 1171.86                         13.302 010 13.679 010 13.345 007 13.299 008
SN 2007af 1171.86                         13.296 007                                 
SN 2007af 1172.86                         13.263 008 13.697 010 13.300 008 13.242 008
SN 2007af 1174.83   13.943 008 13.187 007 13.228 008 13.764 010 13.280 007 13.210 008
SN 2007af 1178.76   14.209 008 13.284 008 13.228 007 13.900 008 13.425 008           
SN 2007af 1179.82   14.334 008 13.329 008 13.282 008 13.961 010 13.487 006 13.254 008
SN 2007af 1181.80   14.562 008 13.426 007 13.369 008 14.052 010 13.632 006 13.323 007
SN 2007af 1182.77   14.685 008 13.493 008 13.422 010 14.134 010 13.716 008 13.353 008
SN 2007af 1185.81   15.065 008 13.715 006 13.653 006 14.383 006 14.022 006 13.524 007
SN 2007af 1190.76   15.730 008 14.181 006 13.882 005 14.442 006 14.607 007 13.849 006
SN 2007af 1194.78   16.218 012 14.560 007 13.961 006 14.349 008 15.063 006 14.102 008
SN 2007af 1197.78   16.551 012 14.840 006 14.035 006 14.303 008 15.334 006 14.270 007
SN 2007af 1199.72   16.689 014 14.998 007 14.091 007 14.287 008 15.497 007 14.374 008
SN 2007af 1202.82   16.902 012 15.260 008 14.227 007 14.315 008 15.737 008 14.571 008
SN 2007af 1204.83   17.038 014            14.360 008 14.406 010 15.875 008 14.720 007
SN 2007af 1207.75   17.206 014 15.598 008 14.592 008 14.632 010 16.044 008 14.929 008
SN 2007af 1211.77   17.362 017 15.794 006 14.857 006 14.905 006 16.240 008 15.153 007
SN 2007af 1213.73   17.417 017 15.867 008 14.942 007 15.014 008 16.308 008 15.240 008
SN 2007af 1218.75   17.565 017 16.015 006 15.151 005 15.272 006 16.443 007 15.406 006
SN 2007af 1224.77   17.656 026 16.132 008 15.360 007 15.505 008 16.549 010 15.580 007
SN 2007af 1226.80              16.168 007 15.421 006 15.598 007 16.595 008 15.637 007
SN 2007af 1231.77              16.252 006 15.588 006 15.779 006 16.662 008 15.747 006
SN 2007af 1239.69   18.003 022 16.370 006 15.845 006 16.055 007 16.792 008 15.941 007
SN 2007af 1246.66   18.167 022 16.480 006 16.053 006 16.295 008 16.869 007 16.110 007
SN 2007af 1256.68   18.296 037 16.630 005 16.384 005 16.638 007 17.009 008 16.350 006
SN 2007bd 1197.52   18.266 024 17.633 008 17.670 008 17.792 014 17.739 010 17.717 010
SN 2007bd 1199.53   17.674 017 17.134 008 17.171 010 17.382 017 17.231 008 17.254 010
SN 2007bd 1206.60   17.235 053 16.622 072 16.630 016 17.219 047 16.653 020 16.648 010
SN 2007bd 1207.54   17.254 096 16.549 008 16.605 007 17.257 014 16.665 007 16.636 012
SN 2007bd 1213.49   17.845 022 16.791 005 16.793 006 17.479 010 16.958 007 16.807 007
SN 2007bd 1218.51   18.444 029 17.163 007 17.207 007 18.028 017 17.408 010 17.108 008
SN 2007bd 1224.49   19.334 061 17.774 008 17.408 008 18.021 016 18.159 014 17.478 010
SN 2007bd 1227.55              18.083 010 17.440 008 17.850 014 18.483 020 17.650 010
SN 2007bd 1235.48   20.358 092 18.894 014 17.842 012 17.926 014 19.293 021 18.283 012
SN 2007bd 1239.48   20.668 147 19.177 014 18.131 010 18.203 021 19.606 033 18.611 020
SN 2007bd 1245.47   20.872 301 19.404 032 18.428 016 18.572 025 19.868 063 18.858 029
SN 2007bd 1259.45   21.322 343 19.769 056 18.938 025 19.262 045 20.113 049 19.322 028
SN 2007bd 1418.80   21.906 448 22.171 139 22.820 335 21.472 234 22.411 228 22.114 231
SN 2007bd 1422.81              22.147 131 22.553 236 21.626 222 22.630 246 22.334 241
SN 2007ca 1218.67   17.648 020 16.695 006 16.448 006 16.511 006 16.867 008 16.603 008
SN 2007ca 1224.70   16.936 025 16.067 008 15.834 008 16.082 014 16.214 010 15.916 007
SN 2007ca 1227.72              15.978 005 15.746 005 16.133 006 16.162 007 15.847 007
SN 2007ca 1229.68              16.000 004 15.739 004 16.215 005 16.191 006 15.857 006
SN 2007ca 1231.73              16.067 005 15.786 004 16.294 007 16.272 007 15.882 006
SN 2007ca 1232.69              16.100 004 15.807 004 16.325 006 16.316 006 15.911 006
SN 2007ca 1235.65   17.489 016 16.232 007 15.942 007 16.482 010 16.469 008 16.023 008
SN 2007ca 1239.66   17.935 021 16.456 005 16.219 006 16.845 008 16.772 007 16.218 006
SN 2007ca 1243.69   18.423 022 16.751 005 16.462 005 17.047 007 17.174 008 16.450 006
SN 2007ca 1246.63   18.693 036 16.974 006 16.532 005 17.025 008 17.443 010 16.595 008
SN 2007ca 1255.69   19.667 097 17.754 010 16.681 006 16.808 008 18.340 021 17.090 008
SN 2007ca 1259.61   19.964 107 18.072 008 16.825 006 16.816 008 18.604 022 17.316 010
SN 2007le 1387.78 a 16.764 018 15.455 005 15.127 005 15.472 007 15.657 006 15.321 007
SN 2007le 1388.58 a 16.357 017 15.142 005 14.813 004 15.131 004 15.310 005 15.006 005
SN 2007le 1392.59   15.170 017 14.238 006 14.002 007 14.333 008 14.346 006 14.124 006
SN 2007le 1392.59              14.234 007                                            
SN 2007le 1394.59              14.023 006 13.815 006 14.189 008 14.142 008 13.921 008
SN 2007le 1395.59   14.934 032 13.963 006 13.754 006 14.162 006 14.085 008 13.851 006
SN 2007le 1398.50                         13.650 006 14.170 008 14.011 008 13.739 007
SN 2007le 1400.58   14.958 021 13.871 005 13.608 004 14.219 006 14.021 007 13.698 006
SN 2007le 1403.55   15.116 018 13.914 004 13.631 007 14.286 006 14.113 007 13.713 006
SN 2007le 1403.55                         13.621 006 14.295 006                      
SN 2007le 1407.61   15.442 024 14.090 005 13.825 004 14.498 007 14.352 006 13.843 005
SN 2007le 1409.57   15.596 025 14.217 006 13.963 006 14.644 008 14.519 008 13.948 007
SN 2007le 1411.57   15.875 021 14.364 006 14.114 006 14.836 008 14.714 006 14.077 006
SN 2007le 1413.59   16.130 021 14.523 004 14.250 004 14.923 005 14.924 007 14.217 004
SN 2007le 1417.62   16.629 026 14.853 006 14.347 006 14.867 008 15.365 008 14.424 006
SN 2007le 1426.55   17.556 024 15.618 008 14.480 006 14.643 008 16.190 010 14.877 006
SN 2007le 1428.56   17.647 070 15.779 006 14.562 004 14.655 004 16.361 012 14.986 006
SN 2007le 1428.56   17.795 055                                                       
SN 2007le 1430.54   17.845 041 15.926 007 14.672 007 14.696 008 16.498 010 15.114 008
SN 2007le 1435.53   18.146 044 16.229 006 15.031 005 15.075 006 16.770 008 15.450 006
SN 2007le 1440.55   18.257 041 16.405 006 15.284 005 15.379 006 16.922 010 15.673 006
SN 2007le 1443.62              16.475 007 15.397 004 15.522 006 16.984 010 15.767 005
SN 2007le 1445.54   18.315 030 16.518 008 15.461 008 15.611 010 16.998 010 15.822 008
SN 2007le 1449.54   18.391 065 16.593 007 15.598 004 15.784 006 17.033 010 15.940 006
SN 2007le 1455.53   18.477 070 16.690 008 15.804 006 16.016 008 17.124 014 16.093 008
SN 2007le 1456.54   18.404 085 16.700 008 15.840 008 16.047 008 17.176 017 16.122 008
SN 2007le 1457.52   18.623 058 16.704 008 15.873 007 16.090 008 17.167 021 16.167 010
SN 2007le 1466.52   18.624 037 16.864 008 16.165 007 16.412 008 17.238 021 16.395 014
SN 2007le 1470.54   18.679 036 16.934 008 16.283 008 16.559 010 17.357 012 16.486 010
SN 2008bc 1539.81   17.531 021 16.553 006 16.426 005 16.688 007            16.540 008
SN 2008bc 1539.81                                                          16.523 005
SN 2008bc 1540.58 a 17.227 014 16.366 005 16.241 008 16.471 008 16.487 007 16.343 006
SN 2008bc 1541.66   16.911 010 16.116 007 16.018 008 16.246 008 16.242 008 16.135 008
SN 2008bc 1542.55   16.716 008 15.987 006 15.898 008 16.121 010 16.104 006 15.977 007
SN 2008bc 1543.59   16.560 010 15.854 004 15.772 007 16.035 008 15.970 005 15.850 007
SN 2008bc 1545.67   16.372 010 15.663 007 15.597 008 15.936 010 15.777 007 15.655 008
SN 2008bc 1547.58   16.304 010 15.574 008 15.518 010 15.947 014 15.684 007 15.553 008
SN 2008bc 1548.57   16.279 010 15.550 005 15.466 005 15.950 006 15.668 005 15.522 004
SN 2008bc 1549.57   16.316 010 15.530 006 15.452 007 15.994 007 15.667 006 15.504 006
SN 2008bc 1551.68   16.419 008 15.558 004 15.427 005 16.044 008 15.703 005 15.489 007
SN 2008bc 1552.68   16.473 008 15.570 004 15.435 005 16.086 006 15.728 005 15.507 004
SN 2008bc 1558.55   16.923 008 15.786 007 15.663 008 16.357 012 16.004 006 15.685 006
SN 2008bc 1560.60   17.138 012 15.909 007 15.829 008 16.549 012 16.148 006 15.796 008
SN 2008bc 1562.60   17.394 012 16.054 008 15.974 010 16.714 012 16.332 006 15.913 008
SN 2008bc 1564.60   17.633 016 16.212 005 16.111 007 16.860 008 16.534 005 16.045 005
SN 2008bc 1566.62   17.897 016 16.384 006 16.188 008 16.888 008 16.756 007 16.160 008
SN 2008bc 1568.59   18.171 016 16.539 007 16.224 008 16.852 010 16.966 007 16.251 007
SN 2008bc 1569.71   18.276 020 16.636 004 16.246 005 16.814 008 17.079 006 16.303 006
SN 2008bc 1570.54   18.381 024 16.702 007                       17.162 007           
SN 2008bc 1571.52   18.502 026 16.787 008 16.257 008 16.756 010 17.255 008 16.390 008
SN 2008bc 1573.55   18.670 035 16.961 006 16.267 005 16.690 008 17.457 008 16.482 006
SN 2008bc 1574.62   18.807 058 17.060 006 16.296 006 16.677 008 17.552 012 16.546 007
SN 2008bc 1575.59   18.979 051 17.130 008 16.282 010 16.615 014 17.681 010 16.601 010
SN 2008bc 1576.55   19.099 069 17.231 008 16.320 008 16.611 010 17.754 014 16.645 008
SN 2008bc 1582.57   19.470 035 17.707 006 16.565 006 16.635 008 18.212 008 17.009 007
SN 2008bc 1589.55   19.775 055 18.085 008 17.024 007 17.105 008 18.537 012 17.436 008
SN 2008bc 1592.52   19.888 041 18.177 008 17.149 008 17.280 010 18.639 012 17.542 008
SN 2008bc 1595.64   19.909 053 18.257 007 17.286 008 17.443 008 18.735 012 17.685 007
SN 2008bc 1606.49   20.582 301 18.420 035 17.678 067 17.890 014 18.937 110 17.954 014
SN 2008bc 1618.50   20.403 126 18.670 012 18.047 012 18.411 021 19.055 016 18.295 012
SN 2008bc 1626.47              18.800 016 18.314 016 18.613 021 19.185 018 18.465 012
SN 2008bc 1644.45   20.767 172 19.125 052 18.855 030 19.172 049 19.435 024 18.910 020
SN 2008bc 1646.45   20.835 129 19.091 042 18.833 025 19.204 033 19.469 020 18.897 017
SN 2008fp 1724.82   15.610 017 14.571 007 14.106 008 14.080 008 14.903 007 14.277 006
SN 2008fp 1725.82   15.549 024 14.475 006 14.011 004 14.024 005 14.799 008 14.171 006
SN 2008fp 1726.82   15.485 021 14.397 006 13.942 005 13.992 006 14.730 007 14.099 006
SN 2008fp 1728.81   15.468 022 14.296 007 13.851 006 13.997 006 14.628 010 13.993 007
SN 2008fp 1729.80   15.476 025 14.282 007 13.818 005 14.007 005            13.962 006
SN 2008fp 1732.80   15.589 018 14.326 006 13.817 004 14.130 006 14.667 007 13.963 006
SN 2008fp 1732.80   15.631 010 14.321 006 13.808 008 14.119 007 14.656 007 13.978 006
SN 2008fp 1732.80                         13.798 006                                 
SN 2008fp 1740.80   16.254 010 14.580 004 14.111 004 14.545 004 15.052 005 14.199 004
SN 2008fp 1744.81   16.793 012 14.876 006 14.411 005 14.847 007 15.426 006 14.469 005
SN 2008fp 1747.81   17.219 012 15.124 006 14.520 006 14.850 006 15.755 008 14.652 006
SN 2008fp 1749.80   17.551 014 15.292 006 14.548 005 14.802 006 15.984 006 14.751 005
SN 2008fp 1751.78   17.875 058 15.463 008 14.593 006 14.752 007 16.192 022 14.851 012
SN 2008fp 1751.78   17.712 043                                                       
SN 2008fp 1753.87   18.100 020 15.648 006 14.598 005 14.677 006 16.404 008 14.959 005
SN 2008fp 1759.84   18.726 021 16.151 008 14.752 007 14.578 008 16.972 010 15.276 007
SN 2008fp 1760.80   18.779 020 16.227 007 14.792 007 14.597 007 17.033 010 15.328 007
SN 2008fp 1765.82   19.066 021 16.548 006 15.129 004 14.882 004 17.314 007 15.652 005
SN 2008fp 1768.81   19.108 021 16.672 008 15.312 008 15.088 008 17.455 010 15.806 008
SN 2008fp 1770.79   19.155 021 16.751 006 15.407 004 15.201 004 17.519 008 15.892 005
SN 2008fp 1779.82   19.413 025 16.964 008 15.783 008 15.636 008 17.702 008 16.172 008
SN 2008fp 1781.82   19.426 029 16.993 007 15.849 008 15.720 008 17.726 008 16.227 008
SN 2008fp 1783.79   19.487 037 17.029 008 15.922 007 15.796 008 17.762 010 16.296 008
SN 2008fp 1790.82   19.577 024 17.158 008 16.161 008 16.075 008 17.870 010 16.479 008
SN 2008fp 1792.76   19.643 021 17.181 010 16.224 008 16.158 010 17.891 012 16.523 010
SN 2008fp 1795.75   19.676 024 17.241 010 16.316 012 16.289 012 17.923 010 16.603 010
SN 2008fp 1797.85              17.280 007            16.349 008 17.940 008 16.659 008
SN 2008fp 1803.81   19.851 025 17.388 007 16.580 005 16.567 006 18.041 008 16.814 008
SN 2008fp 1809.72   19.954 034 17.495 008 16.769 008 16.773 008 18.127 010 16.975 008
SN 2008fp 1813.81              17.540 010 16.894 008 16.918 008 18.186 014 17.069 008
SN 2008fp 1820.71   20.106 049 17.682 010 17.101 010 17.149 010 18.280 012 17.236 010
SN 2008gp 1768.74                         17.898 012 18.117 014 18.008 010 17.860 012
SN 2008gp 1770.74                                               17.566 008 17.449 008
SN 2008gp 1772.77   17.552 012 17.103 007 17.181 007 17.406 010 17.251 008 17.151 008
SN 2008gp 1776.71   17.289 010 16.797 006 16.900 006 17.279 008 16.957 007 16.874 006
SN 2008gp 1779.76   17.327 012 16.754 008 16.801 010 17.353 012 16.929 010 16.806 010
SN 2008gp 1781.74   17.461 014 16.773 010 16.813 010 17.408 014 16.961 010 16.823 010
SN 2008gp 1783.73   17.683 021 16.855 010 16.826 010 17.412 018 17.025 010 16.862 012
SN 2008gp 1786.83              16.997 008 16.937 008 17.547 012 17.190 010 16.926 010
SN 2008gp 1790.72   18.493 017 17.247 008 17.171 010 17.898 012 17.529 008 17.139 008
SN 2008gp 1792.68              17.425 008 17.302 008 18.029 012 17.753 010 17.254 008
SN 2008gp 1793.69                         17.356 008 18.013 014 17.869 010 17.324 008
SN 2008gp 1795.72                         17.425 012 18.057 017 18.134 012 17.461 012
SN 2008gp 1801.76   20.059 048 18.346 008 17.583 008 17.939 014 18.855 016 17.844 012
SN 2008gp 1802.71   20.139 044 18.429 010 17.596 008 17.944 012 18.923 014 17.908 010
SN 2008gp 1803.79              18.545 010 17.607 008 17.875 012 19.023 018 17.960 012
SN 2008gp 1806.72   20.533 084 18.805 012 17.734 008 17.883 012 19.323 021 18.180 012
SN 2008gp 1808.72   20.541 087 18.961 017 17.804 010 17.912 012 19.500 028 18.292 014
SN 2008gp 1809.69              19.035 028 17.867 010 17.922 012 19.534 041 18.388 018
SN 2008gp 1810.70   20.553 192 19.123 034 17.929 014 17.980 017 19.572 068 18.404 024
SN 2008gp 1813.62   20.805 203 19.317 041 18.101 014 18.105 014 19.906 084 18.593 029
SN 2008hv 1806.78   17.130 012 16.352 007 16.379 008 16.705 008 16.492 007 16.327 006
SN 2008hv 1808.80   16.186 010 15.647 004 15.728 004 15.984 006 15.769 005 15.691 005
SN 2008hv 1809.78   15.903 008 15.406 005 15.494 008 15.739 010 15.530 005 15.465 006
SN 2008hv 1810.79   15.698 008 15.208 006 15.295 007 15.558 008 15.342 006 15.296 005
SN 2008hv 1813.78   15.408 014 14.889 005 15.012 005 15.394 006 15.006 006 14.959 005
SN 2008hv 1817.76   15.420 010 14.788 006 14.870 007 15.531 008 14.909 006 14.822 006
SN 2008hv 1818.76   15.495 010 14.798 005 14.861 007 15.540 008 14.938 006 14.826 007
SN 2008hv 1827.75   16.430 010 15.310 005 15.440 004 16.248 007 15.585 004 15.250 004
SN 2008hv 1830.73   16.918 010 15.589 007 15.602 008 16.325 008 15.963 006 15.454 007
SN 2008hv 1831.76   17.092 010 15.703 006 15.631 007 16.305 008 16.100 005 15.508 005
SN 2008hv 1834.82   17.601 012 16.028 006 15.683 008 16.211 008 16.496 006 15.702 006
SN 2008hv 1837.80   17.969 014 16.347 004 15.729 004 16.110 006 16.847 007 15.894 006
SN 2008hv 1838.79   18.070 016 16.449 007 15.742 008 16.054 010 16.956 008 15.945 007
SN 2008hv 1839.75   18.196 017 16.572 007 15.798 006 16.053 008 17.071 007 16.043 007
SN 2008hv 1840.73   18.302 022 16.694 008 15.859 007 16.050 008 17.165 010 16.122 007
SN 2008hv 1841.73   18.424 029 16.800 008 15.924 008 16.076 008 17.293 012 16.203 008
SN 2008hv 1842.85   18.497 049 16.906 010 16.014 007 16.131 008 17.387 016 16.303 008
SN 2008hv 1842.85   18.498 049 16.906 010 16.014 007 16.131 008 17.387 016 16.303 008
SN 2008hv 1844.77   18.563 034 17.063 010 16.162 008 16.265 008 17.526 017 16.458 008
SN 2008hv 1856.75   19.094 026 17.574 010 16.826 010 17.050 012 18.036 010 17.047 010
SN 2008hv 1867.70   19.363 035 17.819 008 17.239 008 17.520 014 18.272 010 17.355 010
SN 2008hv 1870.67   19.409 072 17.912 014 17.353 010 17.656 014 18.316 021 17.462 012
SN 2008hv 1870.67                                                          17.476 010
SN 2008hv 1874.63   19.446 064 17.942 012 17.466 008 17.816 014 18.381 017 17.579 012
SN 2008hv 1878.64   19.587 033 18.010 010 17.601 014 17.966 021 18.454 012 17.670 010
SN 2008hv 1884.66   19.739 033 18.104 014 17.783 017 18.152 024 18.548 010 17.804 010
SN 2008hv 1895.62 a 19.897 052 18.307 006 18.180 010 18.570 017 18.707 010 18.127 008
SN 2006et  983.63              16.862 010 16.838 014
SN 2006et  986.70   16.960 021 16.318 007 16.305 008 16.537 010 16.421 008 16.309 008
SN 2006et  988.57                         16.109 006 16.358 008 16.236 008 16.124 007
SN 2006et  991.65   16.626 018 15.935 005 15.912 007 16.312 008 16.052 008 15.920 006
SN 2006et  991.65                                               16.053 007
SN 2006et  994.72   16.664 014 15.906 006 15.821 007 16.375 007 16.035 007 15.878 006
SN 2006et  998.68   17.010 014 16.016 005 15.838 004 16.475 006 16.173 006 15.908 005
SN 2006et 1001.62   17.257 016 16.123 006 15.928 006 16.566 010 16.338 008 16.010 010
SN 2006et 1003.63   17.432 017 16.232 006 16.010 006 16.690 008 16.465 008 16.074 007
SN 2006et 1007.66   17.989 021 16.508 008 16.280 008 16.963 010 16.805 008 16.288 008
SN 2006et 1008.63   18.069 020 16.603 008                       16.898 008
SN 2006et 1012.52   18.714 052 16.918 008 16.468 006 17.015 008 17.291 012 16.591 012
SN 2006et 1012.52                                                          16.582 008
SN 2006et 1013.61   18.778 067 17.026 008 16.495 006 17.006 010 17.414 012 16.641 008
SN 2006et 1017.77   19.080 110 17.363 022 16.549 016 16.900 016 17.812 021 16.813 014
SN 2006et 1023.72 a 19.765 033 17.913 012 16.783 010 16.968 014 18.328 010 17.253 014
SN 2006et 1024.61 a 19.881 028 17.912 006 16.718 006 16.859 006 18.371 008 17.213 004
SN 2006et 1025.67   19.948 074                                  18.448 014 17.277 008
SN 2006et 1029.68   20.161 070 18.240 010 17.017 007 17.060 008 18.712 014 17.532 008
SN 2006et 1033.69              18.443 020 17.279 010 17.327 012
SN 2006et 1039.66   20.285 113 18.642 014 17.538 008 17.671 014 19.065 024 18.001 014
SN 2006et 1044.62              18.682 047 17.675 017 17.747 022 19.073 075 18.126 033
SN 2006et 1046.56   20.363 149 18.795 016 17.761 010 17.949 012 19.202 025 18.158 014
SN 2006et 1052.60   20.879 145 18.875 014 17.949 012 18.160 017 19.306 021 18.311 014
SN 2006et 1060.54   20.924 112 18.976 014 18.166 012 18.476 020 19.395 024 18.487 014
SN 2006et 1066.60   21.068 140 19.080 016 18.353 012 18.643 017 19.479 025 18.639 017
SN 2006et 1076.55   21.509 317 19.196 016 18.620 014 19.016 021            18.852 020
SN 2006et 1091.55              19.422 017 19.050 017 19.454 035 19.734 030 19.190 022
SN 2006et 1099.54              19.557 041                       20.059 129
SN 2006kf 1036.80   17.621 017 16.943 007 16.769 007 16.880 007 17.070 007 16.931 007
SN 2006kf 1038.77   17.486 014 16.751 006 16.596 007 16.788 008 16.901 007 16.734 007
SN 2006kf 1039.75   17.485 014 16.708 007 16.555 006 16.811 008 16.839 007 16.685 007
SN 2006kf 1042.72   17.595 020 16.679 007 16.499 007 16.920 008 16.825 008 16.624 008
SN 2006kf 1048.76   18.359 035 17.011 007 16.751 006 17.323 008 17.262 008 16.796 007
SN 2006kf 1052.77   19.041 043 17.403 007 17.020 008 17.564 008 17.819 008 17.080 007
SN 2006kf 1056.70   19.758 083 17.903 008 17.154 006 17.444 008 18.412 010 17.413 008
SN 2006kf 1060.67   20.257 079 18.417 008 17.294 008 17.394 010 18.914 014 17.721 008
SN 2006kf 1065.70   20.805 117 18.921 012 17.689 010 17.574 012 19.416 022 18.175 012
SN 2006kf 1068.70   20.870 126 19.157 016 17.966 010 17.861 012 19.602 079 18.401 017
SN 2006kf 1068.70                                               19.603 025
SN 2006kf 1069.70   20.878 158 19.234 025 18.046 012 17.964 012 19.619 035 18.491 017
SN 2006kf 1075.69              19.444 044 18.360 014 18.338 020 19.770 091 18.775 033
SN 2006kf 1080.70   21.315 248 19.548 029 18.582 016 18.624 021 20.115 053 18.919 022
SN 2006kf 1084.64   21.483 288 19.711 018 18.741 014 18.774 018 20.155 038 19.019 017
SN 2006kf 1087.66              19.782 017 18.841 012 18.938 020 20.233 037 19.133 017
SN 2006kf 1091.67              19.869 025 18.992 017 19.117 024 20.194 040 19.248 021
SN 2006kf 1096.62              20.006 048 19.146 025 19.365 035 20.311 071 19.378 032
SN 2006kf 1102.63              20.154 105 19.403 071 19.480 085 20.223 149 19.553 098
SN 2006kf 1119.60              20.365 021 19.945 025 20.242 050 20.868 049 19.982 028
SN 2006kf 1123.66              20.461 021 20.090 040
SN 2006kf 1127.63                         20.378 067 20.439 110 21.136 175 20.254 059
SN 2007S  1133.83   17.380 035 16.627 010 16.327 010 16.425 012 16.829 014 16.468 010
SN 2007S  1137.79   16.728 010 15.991 006 15.726 006 15.832 006 16.178 006 15.860 006
SN 2007S  1143.75   16.548 012 15.694 008 15.364 012 15.756 016 15.895 008 15.545 010
SN 2007S  1147.72              15.740 005 15.334 004 15.866 007
SN 2007S  1153.76                                               16.269 004 15.680 007
SN 2007S  1153.76                                                          15.688 007
SN 2007S  1154.64   17.447 012 16.007 007 15.581 007 16.184 008 16.339 007 15.725 007
SN 2007S  1158.69   17.984 017 16.285 007 15.846 008 16.461 010 16.676 008 15.957 007
SN 2007S  1160.66   18.288 029 16.442 006 15.945 005 16.510 007 16.870 008 16.082 007
SN 2007S  1161.66   18.353 041 16.513 007 15.980 006 16.491 010 16.985 010 16.128 007
SN 2007S  1165.71   18.824 069 16.837 008 16.052 008 16.441 008 17.375 012 16.328 008
SN 2007S  1166.65   18.969 063 16.908 010 16.063 005 16.428 008 17.450 036 16.369 008
SN 2007S  1169.68   19.273 035 17.152 008 16.107 007 16.371 008 17.707 010 16.516 008
SN 2007S  1174.73   19.794 096 17.512 007 16.200 006 16.311 006 18.071 012 16.745 006
SN 2007S  1185.67   20.099 101 18.160 010 16.820 008 16.807 008 18.686 017 17.380 008
SN 2007S  1194.61   20.391 235 18.377 014 17.183 008 17.243 010 18.858 032 17.676 014
SN 2007S  1199.59   20.309 100 18.474 012 17.342 012 17.463 014 18.931 018 17.798 016
SN 2007S  1203.69              18.539 008 17.460 008 17.629 012 19.028 016 17.904 012
SN 2007S  1213.61   20.582 089 18.665 008 17.758 010 17.973 014 19.140 017 18.156 014
SN 2007S  1224.55   20.766 415 18.871 090 18.095 016 18.332 017
SN 2007S  1246.53   21.266 444 19.185 030 18.719 025 18.990 035 19.445 080 18.888 032
SN 2008ia 1809.76   17.547 014 16.661 007 16.542 008 16.824 010 16.828 008 16.645 008
SN 2008ia 1810.83   17.483 012 16.598 007 16.511 008 16.831 010 16.749 008 16.572 008
SN 2008ia 1813.70   17.449 017 16.624 016 16.402 007 16.915 008 16.737 008 16.502 008
SN 2008ia 1818.73   17.896 016 16.726 008 16.520 008 17.094 012 16.936 008 16.616 008
SN 2008ia 1821.78   18.222 014 16.932 008 16.824 021 17.387 021 17.195 008 16.764 008
SN 2008ia 1830.70   19.636 042 17.803 010 17.186 008 17.519 017 18.315 012 17.372 010
SN 2008ia 1831.73   19.710 040 17.931 010 17.205 010 17.532 012 18.419 014 17.433 010
SN 2008ia 1834.74   20.205 061 18.240 012 17.256 008 17.444 017 18.705 021 17.599 012
SN 2008ia 1838.76   20.534 080 18.683 017 17.595 029 17.441 017 19.123 024 17.952 016
SN 2008ia 1839.71   20.592 115 18.752 017 17.576 012 17.536 012 19.210 029 18.037 012
SN 2008ia 1840.70   20.448 152 18.956 048 17.660 010 17.610 017 19.313 035 18.098 014
SN 2008ia 1841.70   20.651 202 18.998 036 17.721 014 17.740 017 19.394 043 18.208 017
SN 2008ia 1845.86   20.675 235 19.436 080 17.991 016 18.194 058 19.849 069 18.475 020
SN 2008ia 1855.82   21.127 117 19.449 026 18.471 018 18.632 029 19.962 043 18.848 028
SN 2008ia 1856.72   21.334 153 19.515 021 18.462 017 18.500 042 19.924 047 18.875 022
